xValue    Pressure    Density    Velocity
-0.5   1   1   0
-0.4975   1   1   0
-0.495   1   1   0
-0.4925   1   1   0
-0.49   1   1   0
-0.4875   1   1   0
-0.485   1   1   0
-0.4825   1   1   0
-0.48   1   1   0
-0.4775   1   1   0
-0.475   1   1   0
-0.4725   1   1   0
-0.47   1   1   0
-0.4675   1   1   0
-0.465   1   1   0
-0.4625   1   1   0
-0.46   1   1   0
-0.4575   1   1   0
-0.455   1   1   0
-0.4525   1   1   0
-0.45   1   1   2.02613e-017
-0.4475   1   1   1.82352e-016
-0.445   1   1   7.59798e-016
-0.4425   1   1   1.91469e-015
-0.44   1   1   3.3735e-015
-0.4375   1   1   5.3439e-015
-0.435   1   1   8.85922e-015
-0.4325   1   1   1.57379e-014
-0.43   1   1   2.90343e-014
-0.4275   1   1   5.42342e-014
-0.425   1   1   1.02041e-013
-0.4225   1   1   1.91504e-013
-0.42   1   1   3.57884e-013
-0.4175   1   1   6.65455e-013
-0.415   1   1   1.2304e-012
-0.4125   1   1   2.26068e-012
-0.41   1   1   4.12711e-012
-0.4075   1   1   7.48529e-012
-0.405   1   1   1.34854e-011
-0.4025   1   1   2.41319e-011
-0.4   1   1   4.2892e-011
-0.3975   1   1   7.5718e-011
-0.395   1   1   1.32752e-010
-0.3925   1   1   2.31147e-010
-0.39   1   1   3.9969e-010
-0.3875   1   1   6.8632e-010
-0.385   1   1   1.17026e-009
-0.3825   1   1   1.98141e-009
-0.38   1   1   3.33106e-009
-0.3775   1   1   5.5602e-009
-0.375   1   1   9.21466e-009
-0.3725   1   1   1.51611e-008
-0.37   1   1   2.47644e-008
-0.3675   1   1   4.0156e-008
-0.365   1   1   6.46367e-008
-0.3625   1   1   1.03275e-007
-0.36   1   1   1.63787e-007
-0.3575   1   1   2.57816e-007
-0.355   1   1   4.02782e-007
-0.3525   0.999999   0.999999   6.24507e-007
-0.35   0.999999   0.999999   9.60929e-007
-0.3475   0.999998   0.999999   1.46727e-006
-0.345   0.999997   0.999998   2.22319e-006
-0.3425   0.999996   0.999997   3.34245e-006
-0.34   0.999994   0.999996   4.98604e-006
-0.3375   0.999991   0.999994   7.3795e-006
-0.335   0.999987   0.999991   1.08357e-005
-0.3325   0.999981   0.999987   1.57842e-005
-0.33   0.999973   0.999981   2.28087e-005
-0.3275   0.999961   0.999972   3.26942e-005
-0.325   0.999945   0.999961   4.64848e-005
-0.3225   0.999922   0.999945   6.55537e-005
-0.32   0.999892   0.999923   9.16874e-005
-0.3175   0.99985   0.999893   0.000127182
-0.315   0.999793   0.999852   0.000174955
-0.3125   0.999718   0.999798   0.000238666
-0.31   0.999618   0.999727   0.000322851
-0.3075   0.999488   0.999634   0.000433056
-0.305   0.999319   0.999513   0.000575973
-0.3025   0.999102   0.999358   0.000759566
-0.3   0.998825   0.999161   0.000993178
-0.2975   0.998477   0.998912   0.0012876
-0.295   0.998043   0.998602   0.00165514
-0.2925   0.997507   0.998218   0.00210953
-0.29   0.99685   0.997748   0.00266596
-0.2875   0.996054   0.997179   0.00334084
-0.285   0.995098   0.996495   0.00415163
-0.2825   0.993961   0.995682   0.00511654
-0.28   0.992623   0.994723   0.00625423
-0.2775   0.991061   0.993605   0.00758334
-0.275   0.989255   0.99231   0.00912216
-0.2725   0.987187   0.990827   0.0108881
-0.27   0.984837   0.98914   0.0128975
-0.2675   0.982192   0.98724   0.0151647
-0.265   0.979238   0.985116   0.0177026
-0.2625   0.975966   0.982761   0.0205214
-0.26   0.972369   0.98017   0.0236293
-0.2575   0.968445   0.977338   0.0270317
-0.255   0.964192   0.974267   0.0307317
-0.2525   0.959614   0.970956   0.0347299
-0.25   0.954718   0.967408   0.0390247
-0.2475   0.949511   0.96363   0.0436122
-0.245   0.944006   0.959628   0.0484869
-0.2425   0.938213   0.95541   0.0536414
-0.24   0.932149   0.950986   0.0590672
-0.2375   0.925828   0.946366   0.0647546
-0.235   0.919267   0.94156   0.070693
-0.2325   0.912484   0.93658   0.0768715
-0.23   0.905495   0.931437   0.0832785
-0.2275   0.898317   0.926144   0.0899024
-0.225   0.890968   0.920711   0.0967315
-0.2225   0.883464   0.915151   0.103754
-0.22   0.875821   0.909473   0.11096
-0.2175   0.868056   0.903689   0.118337
-0.215   0.860182   0.897808   0.125874
-0.2125   0.852213   0.891841   0.133563
-0.21   0.844163   0.885796   0.141393
-0.2075   0.836044   0.879683   0.149354
-0.205   0.827869   0.873509   0.157439
-0.2025   0.819646   0.867282   0.165639
-0.2   0.811388   0.86101   0.173946
-0.1975   0.803103   0.854698   0.182354
-0.195   0.794799   0.848354   0.190855
-0.1925   0.786486   0.841982   0.199443
-0.19   0.778169   0.835588   0.208112
-0.1875   0.769857   0.829178   0.216856
-0.185   0.761555   0.822756   0.225671
-0.1825   0.753268   0.816325   0.234552
-0.18   0.745003   0.809891   0.243494
-0.1775   0.736764   0.803456   0.252492
-0.175   0.728556   0.797024   0.261544
-0.1725   0.720382   0.790599   0.270645
-0.17   0.712246   0.784182   0.279791
-0.1675   0.704152   0.777777   0.28898
-0.165   0.696102   0.771387   0.298209
-0.1625   0.6881   0.765013   0.307474
-0.16   0.680148   0.758657   0.316774
-0.1575   0.672248   0.752322   0.326105
-0.155   0.664403   0.746009   0.335465
-0.1525   0.656615   0.739721   0.344852
-0.15   0.648885   0.733458   0.354264
-0.1475   0.641214   0.727222   0.363698
-0.145   0.633605   0.721015   0.373153
-0.1425   0.626059   0.714837   0.382627
-0.14   0.618576   0.708691   0.392118
-0.1375   0.611159   0.702576   0.401625
-0.135   0.603807   0.696495   0.411144
-0.1325   0.596522   0.690448   0.420676
-0.13   0.589306   0.684436   0.430219
-0.1275   0.582157   0.678461   0.43977
-0.125   0.575078   0.672522   0.449328
-0.1225   0.568069   0.666621   0.458892
-0.12   0.56113   0.660758   0.46846
-0.1175   0.554262   0.654935   0.478031
-0.115   0.547466   0.649152   0.487603
-0.1125   0.540742   0.64341   0.497174
-0.11   0.53409   0.637709   0.506743
-0.1075   0.527512   0.632051   0.516309
-0.105   0.521006   0.626436   0.525869
-0.1025   0.514575   0.620864   0.535422
-0.1   0.508217   0.615337   0.544966
-0.0975   0.501935   0.609855   0.554499
-0.095   0.495727   0.604419   0.56402
-0.0925   0.489594   0.59903   0.573526
-0.09   0.483538   0.593688   0.583016
-0.0875   0.477558   0.588394   0.592486
-0.085   0.471655   0.58315   0.601935
-0.0825   0.465829   0.577956   0.611361
-0.08   0.460082   0.572813   0.62076
-0.0775   0.454413   0.567722   0.63013
-0.075   0.448823   0.562685   0.639467
-0.0725   0.443313   0.557702   0.64877
-0.07   0.437884   0.552774   0.658033
-0.0675   0.432537   0.547903   0.667254
-0.065   0.427273   0.54309   0.676429
-0.0625   0.422092   0.538338   0.685554
-0.06   0.416996   0.533646   0.694623
-0.0575   0.411986   0.529017   0.703633
-0.055   0.407063   0.524454   0.712578
-0.0525   0.40223   0.519956   0.721453
-0.05   0.397486   0.515528   0.730252
-0.0475   0.392835   0.511171   0.738968
-0.045   0.388278   0.506887   0.747595
-0.0425   0.383816   0.502679   0.756125
-0.04   0.379452   0.498549   0.764551
-0.0375   0.375189   0.494501   0.772864
-0.035   0.371028   0.490538   0.781056
-0.0325   0.366973   0.486662   0.789118
-0.03   0.363025   0.482876   0.797039
-0.0275   0.359188   0.479186   0.80481
-0.025   0.355464   0.475593   0.81242
-0.0225   0.351857   0.472102   0.819857
-0.02   0.34837   0.468716   0.827111
-0.0175   0.345006   0.46544   0.834168
-0.015   0.341767   0.462277   0.841018
-0.0125   0.338658   0.459232   0.847647
-0.01   0.335681   0.456307   0.854044
-0.0075   0.332839   0.453507   0.860197
-0.005   0.330135   0.450835   0.866094
-0.0025   0.327571   0.448295   0.871725
4.10262e-016   0.325148   0.445888   0.877079
0.0025   0.32287   0.443618   0.882148
0.005   0.320736   0.441486   0.886923
0.0075   0.318746   0.439492   0.891399
0.01   0.316901   0.437638   0.895572
0.0125   0.3152   0.435922   0.89944
0.015   0.313639   0.434343   0.903004
0.0175   0.312217   0.432898   0.906265
0.02   0.310929   0.431585   0.909229
0.0225   0.309771   0.430399   0.911903
0.025   0.308737   0.429334   0.914299
0.0275   0.307821   0.428385   0.916426
0.03   0.307016   0.427544   0.918301
0.0325   0.306314   0.426805   0.919939
0.035   0.305708   0.426159   0.921357
0.0375   0.305189   0.425599   0.922573
0.04   0.304749   0.425115   0.923605
0.0425   0.304379   0.4247   0.924474
0.045   0.304072   0.424346   0.925196
0.0475   0.303819   0.424044   0.92579
0.05   0.303614   0.423787   0.926273
0.0525   0.303449   0.423569   0.926661
0.055   0.303319   0.423382   0.926969
0.0575   0.303217   0.42322   0.927209
0.06   0.303139   0.42308   0.927393
0.0625   0.30308   0.422956   0.927532
0.065   0.303037   0.422843   0.927634
0.0675   0.303006   0.422739   0.927707
0.07   0.302985   0.42264   0.927756
0.0725   0.302972   0.422543   0.927788
0.075   0.302964   0.422446   0.927807
0.0775   0.30296   0.422347   0.927815
0.08   0.30296   0.422242   0.927815
0.0825   0.302962   0.422131   0.927811
0.085   0.302966   0.422011   0.927802
0.0875   0.30297   0.42188   0.927791
0.09   0.302976   0.421735   0.927778
0.0925   0.302981   0.421573   0.927765
0.095   0.302987   0.421391   0.927751
0.0975   0.302993   0.421186   0.927737
0.1   0.302999   0.420952   0.927723
0.1025   0.303005   0.420685   0.927709
0.105   0.30301   0.42038   0.927696
0.1075   0.303016   0.420029   0.927684
0.11   0.303021   0.419626   0.927672
0.1125   0.303026   0.419161   0.92766
0.115   0.30303   0.418626   0.927649
0.1175   0.303035   0.418009   0.927639
0.12   0.303039   0.4173   0.927629
0.1225   0.303043   0.416486   0.92762
0.125   0.303047   0.415554   0.927611
0.1275   0.30305   0.414489   0.927602
0.13   0.303054   0.413277   0.927594
0.1325   0.303057   0.411904   0.927587
0.135   0.30306   0.410354   0.92758
0.1375   0.303063   0.408612   0.927573
0.14   0.303066   0.406665   0.927566
0.1425   0.303068   0.4045   0.92756
0.145   0.303071   0.402105   0.927555
0.1475   0.303073   0.399472   0.927549
0.15   0.303075   0.396593   0.927544
0.1525   0.303077   0.393464   0.927539
0.155   0.303079   0.390084   0.927535
0.1575   0.303081   0.386456   0.92753
0.16   0.303083   0.382587   0.927526
0.1625   0.303085   0.378486   0.927522
0.165   0.303086   0.37417   0.927518
0.1675   0.303088   0.369655   0.927515
0.17   0.303089   0.364965   0.927512
0.1725   0.303091   0.360125   0.927509
0.175   0.303092   0.355165   0.927506
0.1775   0.303093   0.350115   0.927503
0.18   0.303095   0.345009   0.9275
0.1825   0.303096   0.339881   0.927498
0.185   0.303097   0.334769   0.927495
0.1875   0.303098   0.329705   0.927493
0.19   0.303099   0.324725   0.927491
0.1925   0.3031   0.319861   0.927489
0.195   0.303101   0.315144   0.927488
0.1975   0.303102   0.310602   0.927486
0.2   0.303102   0.306257   0.927484
0.2025   0.303103   0.302131   0.927483
0.205   0.303104   0.298241   0.927482
0.2075   0.303105   0.294599   0.92748
0.21   0.303106   0.291213   0.927479
0.2125   0.303106   0.288087   0.927478
0.215   0.303107   0.285222   0.927478
0.2175   0.303108   0.282615   0.927477
0.22   0.303109   0.28026   0.927476
0.2225   0.303109   0.278148   0.927476
0.225   0.30311   0.276267   0.927475
0.2275   0.303111   0.274605   0.927475
0.23   0.303111   0.273146   0.927475
0.2325   0.303112   0.271876   0.927475
0.235   0.303113   0.270777   0.927475
0.2375   0.303114   0.269835   0.927475
0.24   0.303115   0.269033   0.927476
0.2425   0.303115   0.268356   0.927476
0.245   0.303116   0.267789   0.927477
0.2475   0.303117   0.267317   0.927478
0.25   0.303118   0.266929   0.927479
0.2525   0.303119   0.266612   0.92748
0.255   0.30312   0.266355   0.927481
0.2575   0.303121   0.26615   0.927483
0.26   0.303122   0.265987   0.927485
0.2625   0.303124   0.26586   0.927487
0.265   0.303125   0.265761   0.927489
0.2675   0.303126   0.265686   0.927492
0.27   0.303127   0.265629   0.927494
0.2725   0.303129   0.265588   0.927497
0.275   0.30313   0.265559   0.927501
0.2775   0.303132   0.265538   0.927504
0.28   0.303134   0.265525   0.927508
0.2825   0.303136   0.265518   0.927513
0.285   0.303137   0.265514   0.927517
0.2875   0.303139   0.265513   0.927522
0.29   0.303141   0.265514   0.927526
0.2925   0.303143   0.265517   0.927531
0.295   0.303145   0.26552   0.927535
0.2975   0.303146   0.265524   0.927538
0.3   0.303147   0.265528   0.927539
0.3025   0.303146   0.26553   0.927535
0.305   0.303142   0.265532   0.927523
0.3075   0.303134   0.26553   0.927498
0.31   0.303118   0.265523   0.92745
0.3125   0.30309   0.265508   0.927365
0.315   0.303039   0.26548   0.927214
0.3175   0.302953   0.265428   0.926955
0.32   0.302806   0.265338   0.926516
0.3225   0.302558   0.265185   0.925775
0.325   0.302142   0.264927   0.924534
0.3275   0.30145   0.264496   0.922463
0.33   0.300304   0.263779   0.919026
0.3325   0.29842   0.2626   0.913351
0.335   0.295359   0.260679   0.904062
0.3375   0.290466   0.2576   0.889035
0.34   0.282842   0.252785   0.865169
0.3425   0.271405   0.245519   0.828276
0.345   0.255156   0.235106   0.77343
0.3475   0.233726   0.221197   0.696204
0.35   0.208058   0.204232   0.595138
0.3525   0.18072   0.185707   0.474954
0.355   0.155264   0.167871   0.348304
0.3575   0.134702   0.152851   0.232676
0.36   0.120214   0.141759   0.142159
0.3625   0.111125   0.134474   0.0807672
0.365   0.105896   0.130118   0.0436221
0.3675   0.103055   0.127685   0.022838
0.37   0.101563   0.126384   0.0117483
0.3725   0.100794   0.125706   0.00598677
0.375   0.100402   0.125358   0.00303573
0.3775   0.100203   0.125181   0.00153539
0.38   0.100103   0.125092   0.000775516
0.3825   0.100052   0.125046   0.000391424
0.385   0.100026   0.125023   0.00019748
0.3875   0.100013   0.125012   9.96052e-005
0.39   0.100007   0.125006   5.02291e-005
0.3925   0.100003   0.125003   2.53253e-005
0.395   0.100002   0.125002   1.27668e-005
0.3975   0.100001   0.125001   6.43479e-006
0.4   0.1   0.125   3.24268e-006
0.4025   0.1   0.125   1.63374e-006
0.405   0.1   0.125   8.22929e-007
0.4075   0.1   0.125   4.14409e-007
0.41   0.1   0.125   2.08627e-007
0.4125   0.1   0.125   1.04996e-007
0.415   0.1   0.125   5.28222e-008
0.4175   0.1   0.125   2.65638e-008
0.42   0.1   0.125   1.33528e-008
0.4225   0.1   0.125   6.70877e-009
0.425   0.1   0.125   3.36885e-009
0.4275   0.1   0.125   1.69069e-009
0.43   0.1   0.125   8.47943e-010
0.4325   0.1   0.125   4.24975e-010
0.435   0.1   0.125   2.12827e-010
0.4375   0.1   0.125   1.06495e-010
0.44   0.1   0.125   5.32399e-011
0.4425   0.1   0.125   2.65902e-011
0.445   0.1   0.125   1.32664e-011
0.4475   0.1   0.125   6.61154e-012
0.45   0.1   0.125   3.29098e-012
0.4525   0.1   0.125   1.6361e-012
0.455   0.1   0.125   8.12365e-013
0.4575   0.1   0.125   4.0291e-013
0.46   0.1   0.125   1.99528e-013
0.4625   0.1   0.125   9.87432e-014
0.465   0.1   0.125   4.88397e-014
0.4675   0.1   0.125   2.41919e-014
0.47   0.1   0.125   1.21061e-014
0.4725   0.1   0.125   6.19488e-015
0.475   0.1   0.125   3.22661e-015
0.4775   0.1   0.125   1.64116e-015
0.48   0.1   0.125   6.12904e-016
0.4825   0.1   0.125   1.01306e-016
0.485   0.1   0.125   1.01307e-017
0.4875   0.1   0.125   0
0.49   0.1   0.125   0
0.4925   0.1   0.125   0
0.495   0.1   0.125   0
0.4975   0.1   0.125   0
0.5   0.1   0.125   0
